# 1. Deep opening - soft, hypnotic progressive, 119-122 bpm
092
088
057
085
041
042
031
029
036
018
001
045
097
067
089
046
061
100
102
083
091
044
028
090
093
080
065
086
066
056
076
074
052
055
096
098
099
002
023
012
011
038
021
# 2. Rolling - warm driving grooves & big melodies, 121-124 bpm
062
063
059
095
040
043
048
049
060
077
078
024
026
014
013
019
020
030
004
039
003
022
033
082
081
053
064
084
069
068
070
047
087
054
075
073
058
050
079
051
094
037
032
005
008
010
015
007
072
# 3. Peak - fastest, darkest, biggest breakdowns, 124-127 bpm
025
006
034
009
016
017
035
071
101
027
