# 1. Afternoon warm-up - deep, groovy, 118-124 bpm
077
046
045
047
073
022
087
068
075
056
044
049
060
064
# 2. Sunset feel-good - vocals & crowd favourites, 123-128 bpm
071
086
082
081
090
084
055
069
050
074
070
072
053
067
062
058
054
065
059
051
052
061
025
040
091
042
027
028
037
038
# 3. Evening groove - underground tech house, 125-130 bpm
001
002
003
079
080
083
085
089
088
004
005
076
063
066
006
007
008
009
010
011
014
013
048
031
030
035
029
023
026
078
024
041
039
# 4. Peak time - big, dark, driving, 128-133 bpm
057
015
018
016
012
017
020
021
034
019
033
032
036
043
# 5. Late-night techno finale
092
093
094
